25 131
1 3
1 5
1 9
1 11
1 12
1 15
1 18
1 19
1 21
1 24
2 7
2 8
2 9
2 11
2 12
2 14
2 16
2 17
2 20
2 21
2 22
2 23
3 8
3 10
3 12
3 14
3 15
3 18
3 19
3 20
3 21
3 23
3 24
4 5
4 6
4 11
4 12
4 13
4 15
4 16
4 17
4 18
4 20
4 23
5 9
5 11
5 12
5 13
5 17
5 18
5 20
5 21
5 22
5 24
6 7
6 8
6 9
6 12
6 13
6 15
6 19
6 22
6 23
7 12
7 15
7 19
7 24
8 10
8 13
8 14
8 15
8 16
8 17
8 18
8 21
9 10
9 13
9 14
9 17
9 22
9 23
9 24
10 11
10 12
10 13
10 16
10 20
10 21
10 22
11 12
11 13
11 14
11 18
11 23
12 14
12 15
12 16
12 19
12 20
12 21
12 22
13 14
13 17
13 19
13 22
13 23
14 20
14 21
14 23
15 17
15 19
15 20
15 24
16 19
16 20
16 22
16 23
17 22
18 19
18 21
18 22
18 23
18 24
19 21
20 22
20 23
20 24
21 22
21 23
22 23
22 24
