29 104
1 5
1 9
1 12
1 15
1 24
2 3
2 4
2 5
2 13
2 16
2 17
2 19
2 25
3 4
3 6
3 7
3 12
3 13
3 15
3 16
3 18
3 25
4 5
4 11
4 16
4 24
4 28
5 6
5 8
5 9
5 10
5 24
5 25
6 16
6 23
6 26
6 28
7 8
7 9
7 10
7 20
7 24
8 9
8 11
8 12
8 13
8 21
9 18
9 21
9 27
9 28
10 11
10 14
10 17
10 22
10 23
11 14
11 16
11 21
11 22
11 26
12 17
12 23
13 14
13 16
13 18
13 25
13 26
14 15
14 16
14 19
14 21
14 25
14 26
15 19
15 26
15 28
16 17
16 28
17 18
17 21
17 26
18 19
18 22
18 24
19 23
19 24
19 27
19 28
20 25
20 26
20 27
20 28
21 24
21 26
22 26
23 25
24 26
24 27
24 28
25 27
25 28
26 28
27 28
