29 150
1 5
1 9
1 11
1 12
1 15
1 18
1 19
1 24
2 3
2 4
2 5
2 7
2 8
2 10
2 13
2 16
2 17
2 19
2 25
2 27
3 4
3 6
3 7
3 12
3 13
3 15
3 16
3 18
3 23
3 25
3 27
3 28
4 5
4 8
4 11
4 16
4 19
4 24
4 28
5 6
5 8
5 9
5 10
5 24
5 25
6 16
6 21
6 23
6 26
6 27
6 28
7 8
7 9
7 10
7 20
7 21
7 24
8 9
8 11
8 12
8 13
8 17
8 21
8 23
9 13
9 18
9 21
9 22
9 23
9 26
9 27
9 28
10 11
10 14
10 17
10 22
10 23
11 13
11 14
11 16
11 19
11 21
11 22
11 26
12 13
12 14
12 16
12 17
12 23
12 26
13 14
13 16
13 18
13 23
13 24
13 25
13 26
13 27
14 15
14 16
14 18
14 19
14 21
14 24
14 25
14 26
14 27
15 19
15 25
15 26
15 28
16 17
16 19
16 20
16 23
16 28
17 18
17 21
17 25
17 26
17 27
18 19
18 22
18 24
18 26
19 20
19 23
19 24
19 25
19 27
19 28
20 25
20 26
20 27
20 28
21 24
21 25
21 26
22 26
22 27
23 24
23 25
24 25
24 26
24 27
24 28
25 27
25 28
26 28
27 28
