23 100
1 6
1 11
1 14
1 15
1 18
1 19
1 21
2 6
2 8
2 9
2 10
2 12
2 14
2 15
2 16
2 19
2 20
2 21
3 4
3 5
3 9
3 13
3 19
3 20
4 8
4 10
4 12
4 17
4 19
4 21
4 22
5 7
5 8
5 9
5 11
5 12
5 13
5 14
5 16
5 17
5 20
5 21
5 22
6 7
6 9
6 10
6 11
6 12
6 17
6 18
7 8
7 10
7 12
7 13
7 20
7 22
8 16
8 17
8 19
8 21
9 14
9 15
9 16
9 22
10 13
10 15
10 17
10 19
10 20
10 21
10 22
11 12
11 14
11 15
11 16
11 17
11 19
11 21
11 22
12 13
12 15
12 20
13 14
13 16
13 18
13 19
14 15
15 22
16 18
16 20
16 22
17 22
18 19
18 22
19 20
19 21
19 22
20 21
20 22
21 22
