29 98
1 11
1 14
1 18
1 26
1 28
2 3
2 4
2 8
2 9
2 10
2 13
2 15
2 18
2 22
2 26
3 8
3 14
3 16
3 23
3 25
3 28
4 6
4 8
4 11
4 12
4 13
4 15
4 16
4 19
4 21
4 24
4 25
5 9
5 10
5 19
5 27
6 7
6 15
6 18
6 20
6 28
7 16
7 23
7 24
7 25
7 26
7 28
8 9
8 11
8 13
8 16
9 10
9 13
10 13
10 17
10 19
10 24
10 28
11 13
11 15
11 16
11 17
11 23
12 16
12 17
12 19
12 21
12 25
12 26
13 16
13 23
13 26
14 18
14 19
14 22
14 26
14 27
15 19
15 23
15 27
16 18
17 26
17 28
18 21
18 23
18 26
20 22
20 23
20 25
20 26
21 22
21 24
22 28
23 26
23 27
24 27
25 27
27 28
