24 140
1 3
1 5
1 9
1 10
1 11
1 12
1 15
1 18
1 19
1 21
2 3
2 8
2 9
2 10
2 12
2 13
2 15
2 16
2 17
2 18
2 21
2 22
2 23
3 4
3 5
3 8
3 10
3 11
3 12
3 14
3 16
3 17
3 20
3 21
3 22
3 23
4 6
4 7
4 8
4 9
4 13
4 14
4 15
4 16
4 18
4 19
4 20
4 21
4 23
5 8
5 9
5 11
5 13
5 14
5 15
5 16
5 17
5 19
5 20
5 21
5 22
6 7
6 8
6 9
6 10
6 11
6 12
6 13
6 14
6 16
6 17
6 18
6 19
6 20
7 8
7 11
7 12
7 18
7 21
8 10
8 15
8 17
8 20
8 21
8 22
8 23
9 10
9 11
9 14
9 17
9 18
9 20
9 21
9 22
10 12
10 17
10 18
10 19
10 20
10 21
10 22
11 13
11 15
11 16
11 17
11 18
11 19
11 21
11 22
11 23
12 13
12 17
12 22
13 15
13 16
13 17
13 20
13 21
13 22
13 23
14 17
14 20
14 22
15 17
15 18
15 21
16 18
16 19
16 21
16 22
17 18
17 20
17 21
18 20
18 22
18 23
19 20
19 22
19 23
22 23
