27 111
1 5
1 9
1 11
1 12
1 15
1 19
1 24
2 5
2 6
2 7
2 9
2 10
2 12
2 15
2 18
2 19
2 21
3 4
3 8
3 10
3 11
3 16
3 17
3 19
3 20
3 22
4 5
4 7
4 9
4 10
4 11
4 17
4 22
5 9
5 13
5 14
5 16
5 17
5 18
6 12
6 13
6 26
7 12
7 14
7 17
7 18
7 19
7 20
7 21
7 22
8 14
8 15
8 18
8 23
8 25
8 26
9 10
9 14
9 18
9 20
10 18
10 21
10 22
10 23
10 26
11 12
11 13
11 14
11 17
11 20
11 25
11 26
12 19
12 20
12 22
13 14
13 15
13 19
13 22
13 25
13 26
14 20
14 23
14 26
15 17
15 19
15 24
15 26
16 17
16 18
16 20
16 21
16 23
16 24
16 26
17 20
17 21
17 22
18 20
19 20
19 22
19 23
19 25
19 26
20 23
21 23
21 24
22 23
23 25
23 26
24 26
