26 151
1 3
1 5
1 9
1 11
1 12
1 15
1 18
1 19
1 21
1 24
2 6
2 7
2 8
2 10
2 11
2 13
2 15
2 16
2 19
2 20
2 21
2 22
2 23
3 6
3 8
3 10
3 12
3 13
3 16
3 17
3 18
3 19
3 21
3 22
3 23
3 24
4 7
4 8
4 9
4 10
4 12
4 13
4 14
4 15
4 17
4 20
4 25
5 6
5 7
5 8
5 9
5 12
5 13
5 14
5 16
5 17
5 18
5 20
5 21
5 22
5 23
5 25
6 7
6 8
6 10
6 14
6 17
6 18
6 24
7 9
7 13
7 18
7 20
7 23
7 24
7 25
8 9
8 10
8 11
8 14
8 18
8 21
8 22
8 25
9 14
9 15
9 16
9 17
9 18
9 19
9 22
10 11
10 12
10 13
10 15
10 16
10 17
10 18
10 22
11 13
11 16
11 17
11 18
11 21
11 22
11 23
11 24
12 14
12 17
12 19
12 22
12 23
13 18
13 19
13 21
13 24
14 15
14 16
14 20
14 23
14 24
15 16
15 17
15 23
16 17
16 19
16 20
16 21
16 22
16 24
17 21
17 22
17 23
17 24
17 25
18 20
18 21
18 23
18 24
19 20
19 22
19 23
19 24
19 25
20 21
20 23
21 22
21 25
22 25
23 24
24 25
