27 163
1 6
1 11
1 12
1 14
1 15
1 17
1 18
1 19
1 21
1 22
1 26
2 4
2 5
2 6
2 8
2 10
2 11
2 12
2 15
2 16
2 17
2 19
2 20
2 23
2 24
3 4
3 5
3 11
3 12
3 15
3 18
3 20
3 22
4 5
4 7
4 8
4 9
4 10
4 12
4 13
4 14
4 16
4 17
4 18
4 19
4 21
4 22
4 25
4 26
5 6
5 7
5 8
5 9
5 10
5 11
5 12
5 16
5 17
5 18
5 20
5 23
5 24
5 25
6 7
6 8
6 10
6 12
6 14
6 15
6 17
6 25
6 26
7 9
7 11
7 14
7 17
7 18
7 19
7 22
7 24
7 25
8 10
8 12
8 14
8 16
8 17
8 18
8 19
8 20
8 22
8 23
8 24
8 25
9 10
9 12
9 13
9 14
9 16
9 17
9 18
9 21
9 24
9 26
10 12
10 13
10 17
11 15
11 16
11 18
11 19
11 20
11 22
12 13
12 14
12 17
12 18
12 19
12 20
12 21
12 22
12 23
12 24
13 16
13 19
13 21
13 25
13 26
14 15
14 16
14 17
14 18
14 22
14 23
15 17
15 18
15 19
15 20
15 21
15 22
15 24
16 17
16 18
16 19
16 20
16 23
16 24
17 18
17 22
17 23
17 26
18 20
18 24
19 21
19 24
20 21
20 22
20 23
20 26
21 23
21 26
22 23
23 25
24 25
