29 161
1 6
1 11
1 14
1 15
1 18
1 19
1 21
1 26
1 28
2 3
2 4
2 6
2 8
2 9
2 10
2 13
2 14
2 15
2 17
2 18
2 22
2 26
3 7
3 8
3 14
3 16
3 18
3 23
3 25
3 27
3 28
4 6
4 7
4 8
4 10
4 11
4 12
4 13
4 15
4 16
4 19
4 20
4 21
4 22
4 24
4 25
4 26
4 27
5 9
5 10
5 15
5 16
5 17
5 19
5 20
5 22
5 27
6 7
6 15
6 16
6 18
6 20
6 26
6 27
6 28
7 10
7 13
7 16
7 18
7 20
7 22
7 23
7 24
7 25
7 26
7 28
8 9
8 10
8 11
8 13
8 15
8 16
8 17
8 19
8 24
8 27
9 10
9 12
9 13
9 17
10 12
10 13
10 15
10 17
10 19
10 24
10 25
10 28
11 12
11 13
11 14
11 15
11 16
11 17
11 23
12 16
12 17
12 18
12 19
12 21
12 25
12 26
13 16
13 17
13 20
13 21
13 23
13 26
13 27
13 28
14 15
14 18
14 19
14 22
14 26
14 27
15 19
15 23
15 27
16 18
16 22
16 23
16 28
17 20
17 21
17 26
17 28
18 21
18 22
18 23
18 26
19 23
20 21
20 22
20 23
20 25
20 26
20 27
21 22
21 23
21 24
22 23
22 24
22 25
22 28
23 26
23 27
24 27
25 26
25 27
27 28
