23 130
1 3
1 5
1 9
1 10
1 11
1 12
1 15
1 18
1 19
1 21
2 4
2 9
2 10
2 11
2 13
2 14
2 16
2 17
2 18
2 19
2 22
3 4
3 5
3 6
3 7
3 10
3 12
3 13
3 14
3 16
3 18
3 19
3 22
4 5
4 6
4 7
4 9
4 10
4 11
4 12
4 16
4 17
4 18
4 19
4 21
4 22
5 6
5 7
5 9
5 12
5 13
5 15
5 17
5 18
5 19
5 20
5 21
6 7
6 8
6 9
6 10
6 12
6 13
6 14
6 15
6 16
6 17
6 18
6 19
6 21
6 22
7 8
7 9
7 10
7 14
7 17
7 18
8 10
8 13
8 17
8 22
9 11
9 14
9 15
9 16
9 17
9 18
9 19
9 22
10 13
10 14
10 16
10 17
10 18
10 21
11 15
11 16
11 17
11 18
11 19
11 20
12 13
12 15
12 16
12 17
12 18
12 19
12 21
12 22
13 14
13 15
13 19
14 16
14 19
14 20
14 21
15 17
15 18
15 19
15 20
16 17
16 20
16 22
17 20
17 21
18 20
19 21
19 22
20 22
21 22
