25 126
1 6
1 11
1 14
1 15
1 18
1 19
1 21
2 4
2 6
2 7
2 8
2 10
2 12
2 13
2 14
2 17
2 18
2 19
2 21
2 22
3 5
3 9
3 15
3 16
3 22
3 24
4 6
4 11
4 13
4 15
4 16
4 18
4 19
4 20
4 22
4 23
4 24
5 6
5 8
5 9
5 12
5 13
5 14
5 15
5 16
5 17
5 18
5 19
5 20
6 7
6 8
6 13
6 14
6 15
6 17
6 18
6 20
6 22
7 8
7 10
7 18
7 19
7 21
7 23
8 13
8 14
8 15
8 18
8 20
8 21
8 24
9 11
9 13
9 15
9 16
9 17
9 18
9 19
9 21
9 22
9 23
9 24
10 12
10 14
10 15
10 16
10 18
10 19
10 20
10 23
11 13
11 15
11 17
11 18
11 22
12 23
12 24
13 15
13 17
13 19
13 24
14 15
14 18
14 19
14 20
14 21
14 22
14 23
14 24
15 21
16 22
16 23
16 24
17 18
17 20
17 24
18 19
18 24
19 20
19 23
19 24
20 22
21 22
21 23
21 24
22 23
