21 101
1 3
1 5
1 9
1 11
1 12
1 15
1 18
1 19
2 3
2 6
2 11
2 12
2 13
2 15
2 16
2 18
2 20
3 4
3 7
3 8
3 9
3 10
3 11
3 16
3 18
3 20
4 6
4 7
4 10
4 11
4 12
4 13
4 15
4 16
4 17
4 18
5 7
5 8
5 9
5 10
5 12
5 13
5 14
5 15
5 17
5 20
6 11
6 12
6 13
6 14
6 15
6 18
6 19
6 20
7 9
7 10
7 11
7 13
7 14
7 15
7 16
7 18
7 19
7 20
8 9
8 10
8 14
8 17
8 18
9 13
9 16
9 20
10 15
10 17
10 20
11 12
11 13
11 14
11 15
11 16
11 19
12 15
12 18
12 19
13 15
13 20
14 15
14 16
14 17
14 18
14 19
15 17
15 19
15 20
16 17
16 18
16 19
17 18
17 19
17 20
18 19
