22 107
1 3
1 5
1 9
1 11
1 12
1 15
1 18
1 19
1 21
2 5
2 10
2 11
2 12
2 14
2 15
2 17
2 19
2 20
3 5
3 6
3 7
3 8
3 9
3 14
3 16
3 18
3 20
3 21
4 7
4 8
4 9
4 10
4 12
4 13
4 14
4 15
4 19
4 20
4 21
5 6
5 8
5 9
5 10
5 11
5 13
5 16
5 21
6 7
6 8
6 9
6 10
6 13
6 14
6 15
6 17
6 18
6 19
6 21
7 8
7 9
7 10
7 12
7 13
7 14
7 16
7 20
8 10
8 11
8 17
8 20
9 12
9 17
9 19
10 11
10 12
10 13
10 14
10 15
10 16
10 19
11 13
11 16
11 17
11 20
12 16
12 17
12 18
12 19
12 20
12 21
13 16
13 20
13 21
14 15
14 17
14 18
14 19
14 20
15 18
16 18
16 21
17 18
17 19
18 19
18 20
18 21
19 20
