22 103
1 6
1 11
1 12
1 14
1 15
1 18
1 19
1 21
2 3
2 7
2 9
2 10
2 11
2 13
2 15
2 16
2 17
2 20
2 21
3 4
3 6
3 7
3 11
3 14
3 15
3 21
4 5
4 8
4 11
4 13
4 15
4 20
5 6
5 8
5 9
5 11
5 12
5 13
5 15
5 16
5 17
5 18
5 20
5 21
6 9
6 10
6 11
6 12
6 13
6 14
6 15
6 16
6 17
7 8
7 9
7 11
7 14
7 15
7 16
7 18
7 19
7 21
8 10
8 13
8 15
9 11
9 12
9 14
9 16
9 19
10 11
10 12
10 13
10 16
10 18
10 19
11 12
11 14
11 16
11 18
11 19
11 20
11 21
12 13
12 15
12 16
12 17
12 18
12 20
13 14
13 15
13 16
13 18
13 19
13 20
14 16
14 19
14 21
15 17
15 18
16 17
19 21
20 21
