28 155
1 6
1 11
1 14
1 15
1 18
1 19
1 21
1 26
2 3
2 4
2 5
2 7
2 9
2 10
2 11
2 14
2 15
2 16
2 18
2 19
2 23
2 27
3 9
3 10
3 16
3 18
3 20
3 25
3 27
4 6
4 7
4 9
4 10
4 11
4 13
4 14
4 15
4 16
4 18
4 19
4 22
4 23
4 24
4 25
4 26
4 27
5 6
5 7
5 8
5 13
5 14
5 19
5 20
5 21
5 23
5 24
5 26
6 7
6 10
6 12
6 20
6 21
6 23
6 25
7 11
7 12
7 13
7 16
7 18
7 19
7 22
7 24
7 26
8 9
8 10
8 11
8 12
8 13
8 15
8 16
8 17
8 18
8 20
8 22
8 23
8 24
8 26
8 27
9 10
9 13
9 16
9 18
9 20
9 21
9 25
10 21
10 22
10 24
10 26
11 12
11 17
11 18
11 21
11 22
11 23
11 24
11 25
11 26
11 27
12 18
12 27
13 14
13 15
13 16
13 18
13 22
13 23
14 15
14 16
14 19
14 20
14 22
14 25
14 26
14 27
15 16
15 19
15 20
15 23
15 27
16 17
16 22
16 26
17 20
17 23
17 27
18 19
18 24
18 27
19 20
19 25
19 27
20 23
20 24
20 25
21 22
21 24
22 23
23 25
23 26
23 27
24 26
24 27
25 26
26 27
