26 150
1 6
1 11
1 12
1 14
1 15
1 17
1 18
1 19
1 21
1 22
2 3
2 5
2 6
2 7
2 9
2 11
2 12
2 13
2 16
2 17
2 18
2 20
2 21
2 24
2 25
3 6
3 7
3 13
3 14
3 17
3 20
3 22
3 24
4 8
4 10
4 11
4 12
4 13
4 15
4 16
4 17
4 19
4 20
4 21
4 22
4 24
4 25
5 8
5 9
5 10
5 11
5 12
5 13
5 14
5 15
5 16
5 20
5 21
5 22
5 24
6 8
6 9
6 10
6 12
6 13
6 15
6 17
6 19
6 20
6 22
7 12
7 13
7 15
7 17
7 20
7 23
7 24
7 25
8 11
8 13
8 14
8 17
8 19
8 21
8 23
8 24
8 25
9 10
9 11
9 13
9 14
9 15
9 16
9 18
9 20
9 21
9 22
9 24
9 25
10 11
10 14
10 17
10 19
10 21
10 22
11 12
11 25
12 13
12 15
12 17
12 19
12 24
12 25
13 16
13 17
13 18
13 19
13 20
13 21
13 22
14 17
14 20
14 22
15 16
15 17
15 18
15 19
15 20
15 21
15 25
16 17
16 22
16 23
16 24
17 18
17 19
17 21
17 24
17 25
18 19
18 20
18 23
18 24
19 21
19 25
20 21
20 24
21 22
22 23
23 25
